Model: KNN
   Accuracy: 0.8402969251483899
   ROC: 0.9207326373837703
